     0/149     1.82G   0.04219   0.04248   0.02455    0.1092        58       640 0.0006967   0.04512 0.0001319 2.141e-05     0.103   0.09393   0.02299
     1/149     6.56G   0.04064   0.04159   0.02223    0.1045        38       640  0.007454    0.0289  0.002733 0.0005019   0.09959   0.09816   0.02093
     2/149     7.89G   0.03815   0.03866   0.01855   0.09536        21       640    0.8637    0.1129   0.09003   0.02717   0.09312   0.09038   0.01789
     3/149     7.89G   0.03502   0.03631   0.01416   0.08549        29       640     0.937    0.1458     0.176   0.06442    0.0897   0.09175   0.01777
     4/149     7.89G   0.03323   0.03533   0.01273   0.08128        30       640    0.6777    0.1591    0.1895   0.06983   0.08817   0.09244   0.01752
     5/149     7.89G   0.03226   0.03408   0.01151   0.07785         6       640    0.2395    0.2931    0.2351   0.08604   0.08609    0.0954   0.01634
     6/149     7.89G   0.03167   0.03335    0.0102   0.07522         6       640    0.4747    0.3452    0.3399    0.1271    0.0833    0.0968   0.01522
     7/149     7.89G    0.0306   0.03276  0.008402   0.07176         8       640    0.5019     0.397    0.4065    0.1528   0.08123   0.09832   0.01414
     8/149     7.89G   0.02978    0.0317  0.007438   0.06892        32       640    0.5669     0.413    0.4292    0.1646   0.07983    0.1011   0.01391
     9/149     7.89G   0.02944     0.031  0.006913   0.06735        45       640    0.5547    0.4456    0.4599    0.1781   0.07887   0.09707    0.0132
    10/149     7.89G   0.02868   0.03054  0.006361   0.06558        61       640    0.5653    0.4814    0.4897    0.1917   0.07685    0.1024    0.0136
    11/149     7.89G   0.02827   0.02998  0.006101   0.06435        31       640    0.5587    0.5121    0.5054    0.2014   0.07514    0.1048   0.01351
    12/149     7.89G   0.02797   0.03003  0.005722   0.06373        39       640    0.5202    0.5313    0.5161    0.2042   0.07393    0.1076   0.01241
    13/149     7.89G   0.02748   0.02952  0.005235   0.06224        14       640    0.6448    0.5167     0.555    0.2228   0.07295      0.11   0.01289
    14/149     7.89G   0.02721   0.02925  0.005153   0.06162        23       640    0.6586    0.5272    0.5673    0.2273   0.07141    0.1137   0.01263
    15/149      7.9G    0.0268   0.02949  0.004851   0.06115        17       640    0.6322    0.5346    0.5608    0.2363   0.07108     0.115   0.01254
    16/149      7.9G   0.02662   0.02923  0.004904   0.06076        67       640    0.6176    0.5831    0.5949    0.2501   0.07025    0.1137    0.0128
    17/149      7.9G   0.02615   0.02892  0.004485   0.05956        26       640    0.6801    0.5768     0.616    0.2626   0.07024    0.1119   0.01218
    18/149      7.9G   0.02612   0.02859  0.004369   0.05908        71       640    0.6437    0.5966    0.6258    0.2682   0.07015    0.1141   0.01142
    19/149      7.9G    0.0259   0.02771  0.004344   0.05795        19       640    0.6789    0.5836    0.6242    0.2641   0.06956    0.1147   0.01177
    20/149      7.9G   0.02566   0.02775  0.004207   0.05761        19       640     0.721    0.5873    0.6482    0.2783   0.06891    0.1148     0.011
    21/149      7.9G   0.02554    0.0276  0.004084   0.05722        40       640    0.7087    0.6089    0.6598    0.2867   0.06843     0.119   0.01248
    22/149      7.9G   0.02541   0.02807  0.004079   0.05755        15       640     0.694    0.6309    0.6668    0.2956   0.06849    0.1185   0.01269
    23/149      7.9G   0.02506   0.02702   0.00393   0.05601        39       640    0.7171    0.6252    0.6757    0.2962   0.06823    0.1222   0.01228
    24/149      7.9G   0.02494   0.02702   0.00372   0.05568        14       640    0.6905    0.6564    0.6899    0.3071    0.0677    0.1209   0.01127
    25/149      7.9G   0.02474   0.02674  0.003633   0.05511        18       640    0.7508    0.6245    0.6934    0.3075   0.06716    0.1253   0.01211
    26/149      7.9G   0.02457   0.02665  0.003592   0.05481         8       640    0.7575    0.6382    0.7049    0.3151   0.06646    0.1264   0.01317
    27/149      7.9G   0.02456    0.0266  0.003566   0.05473        31       640    0.7217    0.6524    0.7002    0.3134   0.06626    0.1314   0.01145
    28/149      7.9G   0.02443   0.02624  0.003452   0.05412        45       640    0.7229    0.6689    0.7136     0.322   0.06624    0.1312   0.01205
    29/149      7.9G   0.02427   0.02639  0.003429   0.05409        11       640    0.7234    0.6726    0.7157    0.3175   0.06563    0.1302   0.01211
    30/149      7.9G   0.02417   0.02636  0.003309   0.05384        25       640     0.727    0.6775    0.7197    0.3291   0.06531    0.1312   0.01127
    31/149      7.9G   0.02395    0.0257  0.003114   0.05276        21       640    0.7419     0.674    0.7286    0.3322   0.06534    0.1364   0.01038
    32/149      7.9G   0.02395   0.02541  0.003143   0.05251        19       640    0.7509     0.664    0.7268    0.3338   0.06544    0.1348   0.01138
    33/149      7.9G   0.02387   0.02606   0.00331   0.05324        28       640    0.7645    0.6743    0.7366    0.3395   0.06474    0.1408    0.0119
    34/149      7.9G   0.02371   0.02542  0.003032   0.05216         8       640    0.7344      0.69    0.7346    0.3408   0.06426     0.138   0.01274
    35/149      7.9G   0.02361   0.02517   0.00302    0.0518        43       640    0.7593    0.6806    0.7439    0.3466   0.06426    0.1373    0.0121
    36/149      7.9G   0.02357   0.02524  0.002982    0.0518        36       640    0.7647    0.6912    0.7515    0.3482   0.06329    0.1429   0.01181
    37/149      7.9G   0.02361   0.02599  0.003015   0.05262        51       640    0.7438    0.7038    0.7474    0.3483   0.06336    0.1426   0.01242
    38/149      7.9G   0.02341   0.02508   0.00291    0.0514        19       640    0.7495    0.7045    0.7564    0.3567   0.06309    0.1466   0.01202
    39/149      7.9G    0.0234   0.02539  0.002972   0.05176         5       640    0.7633    0.7026    0.7594    0.3557   0.06321    0.1429   0.01175
    40/149      7.9G   0.02325   0.02507  0.002976   0.05129         7       640    0.7683    0.7044    0.7648    0.3597   0.06293    0.1478   0.01143
    41/149      7.9G   0.02304   0.02409  0.002879   0.05001        70       640    0.7846    0.7001    0.7683    0.3649   0.06232    0.1477   0.01222
    42/149      7.9G     0.023   0.02463  0.002708   0.05034         6       640    0.7913    0.6939    0.7681    0.3634   0.06227    0.1558    0.0114
    43/149      7.9G   0.02304   0.02505  0.002739   0.05083         7       640    0.7608    0.7218    0.7762    0.3716   0.06215    0.1501   0.01286
    44/149      7.9G   0.02283   0.02425  0.002615    0.0497        30       640    0.7507    0.7359    0.7763    0.3727   0.06199    0.1519   0.01156
    45/149      7.9G    0.0229   0.02455  0.002765   0.05021        36       640    0.7449    0.7395    0.7751    0.3749    0.0623    0.1532   0.01078
    46/149      7.9G   0.02275    0.0248  0.002702   0.05025        32       640    0.7725    0.7203    0.7802    0.3777    0.0623    0.1508   0.01143
    47/149      7.9G   0.02282   0.02433  0.002583   0.04972        31       640    0.8016    0.7042    0.7849    0.3806   0.06226    0.1552   0.01143
    48/149      7.9G   0.02274   0.02469  0.002709   0.05014        12       640    0.7745    0.7275    0.7873    0.3842   0.06202    0.1569   0.01089
    49/149      7.9G   0.02273   0.02449   0.00263   0.04985        17       640    0.7847     0.723    0.7886    0.3831   0.06199    0.1574   0.01114
    50/149      7.9G    0.0225   0.02482  0.002578   0.04989        17       640    0.7782    0.7298    0.7851    0.3861   0.06127    0.1572   0.01127
    51/149      7.9G    0.0225   0.02398  0.002605   0.04909        25       640    0.7712    0.7362    0.7906    0.3883    0.0609    0.1567   0.01256
    52/149      7.9G   0.02243   0.02374  0.002395   0.04856         7       640    0.7958    0.7237    0.7937    0.3886   0.06071    0.1632   0.01238
    53/149      7.9G   0.02239   0.02376  0.002398   0.04855         5       640    0.8031    0.7247    0.8006    0.3962   0.06088     0.158   0.01205
    54/149      7.9G    0.0223   0.02407  0.002523    0.0489        10       640     0.805    0.7196    0.8002    0.3955   0.06058    0.1606   0.01125
    55/149      7.9G   0.02222   0.02418  0.002465   0.04886        56       640     0.808    0.7147    0.7951     0.394   0.06059    0.1619   0.01172
    56/149      7.9G    0.0222   0.02386   0.00242   0.04848        23       640    0.7879    0.7371    0.8026    0.3977   0.06054    0.1656   0.01224
    57/149      7.9G   0.02214   0.02404  0.002534   0.04871        19       640    0.7716    0.7521    0.8024    0.3978   0.06044    0.1656    0.0119
    58/149      7.9G   0.02215   0.02374  0.002382   0.04827        28       640    0.7946     0.742    0.8088    0.4047   0.06008    0.1695   0.01216
    59/149      7.9G   0.02217   0.02346  0.002413   0.04804        15       640    0.7825    0.7416    0.8014    0.3996   0.06026    0.1694   0.01229
    60/149      7.9G   0.02203   0.02329  0.002373   0.04769         4       640    0.8059    0.7308    0.8094    0.4033   0.05989    0.1663   0.01229
    61/149      7.9G     0.022   0.02385  0.002381   0.04823        58       640    0.7976    0.7323    0.8069    0.4062   0.05975    0.1691    0.0118
    62/149      7.9G   0.02202   0.02357  0.002364   0.04796        19       640    0.7988    0.7486    0.8123    0.4114   0.05966    0.1662   0.01256
    63/149      7.9G   0.02194   0.02307  0.002365   0.04737        16       640    0.7885    0.7486    0.8063    0.4043    0.0595    0.1709   0.01242
    64/149      7.9G   0.02174   0.02283   0.00235   0.04692        18       640    0.7889    0.7508    0.8105    0.4063   0.05948    0.1708   0.01272
    65/149      7.9G   0.02179   0.02305  0.002251   0.04709        25       640    0.8057    0.7426    0.8144    0.4097   0.05983    0.1716   0.01203
    66/149      7.9G   0.02172   0.02285  0.002331   0.04691        17       640    0.8001    0.7475     0.817    0.4162   0.05926      0.17   0.01156
    67/149      7.9G   0.02175   0.02236  0.002218   0.04634        17       640     0.796    0.7453    0.8142    0.4148   0.05915    0.1712    0.0123
    68/149      7.9G   0.02162   0.02293  0.002236   0.04679        40       640    0.8039    0.7484    0.8183    0.4178   0.05926    0.1711    0.0116
    69/149      7.9G   0.02155   0.02316  0.002303   0.04701        16       640    0.8062     0.739    0.8183    0.4177   0.05897    0.1713    0.0129
    70/149      7.9G   0.02161   0.02252  0.002172    0.0463        37       640    0.7998    0.7495    0.8172    0.4163   0.05859    0.1717   0.01232
    71/149      7.9G   0.02144   0.02251  0.002228   0.04619        32       640    0.8024    0.7489    0.8197    0.4193   0.05874    0.1727   0.01209
    72/149      7.9G   0.02147   0.02279  0.002142   0.04641        33       640    0.8145    0.7393    0.8187    0.4214   0.05909    0.1715   0.01167
    73/149      7.9G   0.02141   0.02282  0.002183   0.04641        57       640    0.8045    0.7518    0.8207    0.4225   0.05873    0.1705   0.01224
    74/149      7.9G    0.0213   0.02249  0.002115   0.04591        17       640     0.824    0.7368    0.8203      0.42   0.05854    0.1723   0.01197
    75/149      7.9G   0.02141   0.02264  0.002137   0.04619        19       640    0.8265    0.7398    0.8266     0.428   0.05855    0.1715    0.0126
    76/149      7.9G   0.02125   0.02222  0.002147   0.04562        19       640    0.8169    0.7491     0.827    0.4264   0.05826    0.1771   0.01193
    77/149      7.9G   0.02126   0.02263   0.00215   0.04603        15       640     0.825    0.7445    0.8292    0.4288    0.0581    0.1787   0.01283
    78/149      7.9G   0.02123   0.02232  0.002019   0.04556        14       640    0.8154    0.7486    0.8263    0.4233   0.05805    0.1786    0.0127
    79/149      7.9G   0.02108   0.02226  0.002083   0.04542        20       640    0.8022    0.7618    0.8287    0.4294    0.0581     0.176   0.01312
    80/149      7.9G   0.02103   0.02186   0.00194   0.04482         3       640    0.8158    0.7481    0.8289    0.4286   0.05814    0.1811   0.01203
    81/149     7.91G   0.02113   0.02208  0.002088    0.0453        48       640    0.8171    0.7493    0.8292    0.4328   0.05784    0.1755   0.01307
    82/149     7.91G   0.02109   0.02235  0.002077   0.04552        17       640    0.8282    0.7442    0.8302    0.4343   0.05745    0.1777   0.01271
    83/149     7.91G   0.02112   0.02209  0.001952   0.04516        46       640    0.8047    0.7618    0.8315    0.4333   0.05757     0.178   0.01218
    84/149     7.91G   0.02097   0.02165  0.001978   0.04461        51       640    0.8151    0.7602     0.834    0.4356   0.05731    0.1775   0.01309
    85/149     7.91G   0.02097   0.02216  0.001953   0.04508        34       640    0.8091    0.7674    0.8357     0.437   0.05712    0.1803   0.01329
    86/149     7.91G   0.02092   0.02209  0.002008   0.04502        34       640    0.8211    0.7563    0.8334     0.437   0.05694    0.1835   0.01219
    87/149     7.91G   0.02091   0.02238  0.001974   0.04526        61       640    0.8349    0.7451    0.8342    0.4365   0.05691    0.1849   0.01222
    88/149     7.91G   0.02083   0.02177  0.001964   0.04456        49       640    0.8059    0.7706    0.8351    0.4387   0.05666    0.1845   0.01344
    89/149     7.91G    0.0207   0.02148  0.001801   0.04398        14       640    0.8003    0.7825    0.8405    0.4453   0.05655    0.1878   0.01278
    90/149     7.91G   0.02071   0.02158  0.001893   0.04418        10       640    0.8281    0.7598    0.8378    0.4445    0.0566    0.1869   0.01308
    91/149     7.91G   0.02079   0.02137  0.001882   0.04404        11       640    0.8113    0.7782    0.8411    0.4464   0.05679    0.1852   0.01325
    92/149     7.91G   0.02068   0.02185  0.001902   0.04443        32       640    0.8146    0.7736    0.8389    0.4456   0.05657    0.1853   0.01297
    93/149     7.91G   0.02055   0.02181  0.001828   0.04419        47       640    0.8266    0.7652    0.8422     0.445   0.05654    0.1857   0.01305
    94/149     7.91G    0.0205   0.02158   0.00186   0.04394        21       640     0.821     0.772    0.8435    0.4479   0.05676    0.1872   0.01287
    95/149     7.91G   0.02055   0.02172  0.001943   0.04421        15       640    0.8298    0.7635    0.8425    0.4457   0.05669    0.1862   0.01296
    96/149     7.91G   0.02041    0.0214  0.001869   0.04368        21       640    0.8291    0.7712     0.846    0.4482   0.05665    0.1862   0.01301
    97/149     7.91G   0.02035   0.02158  0.001826   0.04375        20       640    0.8318    0.7701    0.8462    0.4492   0.05634    0.1857   0.01309
    98/149     7.91G   0.02043   0.02126  0.001783   0.04347        45       640     0.815     0.778    0.8457    0.4487   0.05624    0.1865   0.01309
    99/149     7.91G   0.02037   0.02161  0.001804   0.04378        21       640    0.8128    0.7789    0.8417    0.4472   0.05617    0.1862   0.01313
   100/149     7.91G   0.02027   0.02166  0.001845   0.04378        27       640    0.8226     0.767     0.842    0.4478   0.05588    0.1879   0.01335
   101/149     7.91G   0.02051   0.02167  0.001834   0.04401         8       640    0.8165    0.7757    0.8434    0.4506   0.05611    0.1874   0.01336
   102/149     7.91G   0.02027   0.02173  0.001829   0.04383        51       640    0.8309    0.7645    0.8454    0.4517   0.05587    0.1875   0.01338
   103/149     7.91G   0.02026   0.02112  0.001636   0.04301        28       640    0.8313    0.7738    0.8454    0.4546    0.0558      0.19   0.01324
   104/149     7.91G    0.0202   0.02147  0.001691   0.04336        87       640    0.8291    0.7719    0.8451    0.4539   0.05586    0.1895   0.01328
   105/149     7.91G   0.02007   0.02096  0.001651   0.04268        20       640    0.8202    0.7791    0.8442    0.4538   0.05588    0.1914   0.01314
   106/149     7.91G   0.02011   0.02161  0.001692   0.04341        53       640     0.841    0.7676    0.8487     0.453   0.05576    0.1918   0.01308
   107/149     7.91G   0.02021   0.02105  0.001687   0.04295        52       640    0.8238    0.7791    0.8472    0.4536   0.05555    0.1914   0.01331
   108/149     7.91G   0.02013   0.02103  0.001696   0.04286        47       640    0.8296    0.7676    0.8457    0.4555   0.05561    0.1912   0.01325
   109/149     7.91G   0.02006   0.02142  0.001759   0.04324        11       640     0.812    0.7862    0.8463    0.4558   0.05545    0.1934   0.01348
   110/149     7.91G   0.01991   0.02114  0.001625   0.04267        45       640    0.8332    0.7724    0.8492    0.4579    0.0553    0.1945   0.01361
   111/149     7.91G   0.02002   0.02091  0.001787   0.04272         7       640    0.8307    0.7752    0.8502    0.4583   0.05537    0.1939   0.01389
   112/149     7.91G    0.0199   0.02088  0.001661   0.04244        79       640    0.8241    0.7797    0.8517    0.4595   0.05523    0.1941   0.01372
   113/149     7.91G   0.01986    0.0212  0.001689   0.04274         2       640    0.8219    0.7816    0.8506    0.4592   0.05511    0.1936   0.01387
   114/149     7.91G   0.01991   0.02069   0.00173   0.04233         9       640     0.808    0.7898    0.8488     0.458   0.05522    0.1923   0.01408
   115/149     7.91G   0.01974   0.02081  0.001544   0.04209        41       640    0.8318    0.7704      0.85    0.4601   0.05513    0.1931    0.0137
   116/149     7.91G   0.01982   0.02082  0.001653    0.0423        39       640    0.8105     0.792      0.85      0.46   0.05504    0.1931   0.01362
   117/149     7.91G   0.01983    0.0202  0.001631   0.04167        22       640    0.8398    0.7672    0.8508    0.4611   0.05489    0.1938   0.01363
   118/149     7.91G   0.01975   0.02067  0.001659   0.04207        11       640     0.839      0.77    0.8515    0.4605   0.05483    0.1941    0.0136
   119/149     7.91G   0.01963   0.02088  0.001589    0.0421        36       640    0.8211    0.7847    0.8503    0.4605   0.05475    0.1949   0.01371
   120/149     7.91G   0.01978   0.02081  0.001583   0.04217        64       640     0.828    0.7809    0.8506    0.4592   0.05467    0.1951   0.01359
   121/149     7.91G   0.01956   0.02053   0.00149   0.04158        15       640    0.8244    0.7889    0.8518    0.4605   0.05463    0.1965   0.01362
   122/149     7.91G   0.01951   0.02039  0.001552   0.04146        25       640    0.8427    0.7707    0.8507    0.4609   0.05466    0.1971   0.01363
   123/149     7.91G   0.01951   0.02068   0.00157   0.04176        14       640     0.845     0.771    0.8522    0.4624   0.05459    0.1969   0.01352
   124/149     7.91G   0.01959   0.01996    0.0016   0.04114        11       640    0.8282    0.7823    0.8515    0.4612   0.05459    0.1977   0.01337
   125/149     7.91G   0.01957   0.02031   0.00156   0.04144        15       640    0.8399    0.7696    0.8522    0.4614   0.05454    0.1982   0.01327
   126/149     7.91G    0.0195   0.02014  0.001479   0.04112         8       640     0.827    0.7815    0.8506    0.4615   0.05458    0.1987   0.01321
   127/149     7.91G   0.01943   0.02018  0.001572   0.04119        23       640    0.8279    0.7828    0.8525     0.463   0.05451    0.1998   0.01309
   128/149     7.91G   0.01936   0.02053  0.001468   0.04135         4       640    0.8265    0.7849     0.853    0.4639   0.05456    0.1999   0.01285
   129/149     7.91G   0.01945   0.01994  0.001435   0.04083        57       640    0.8262    0.7879    0.8536    0.4655   0.05439    0.2014   0.01302
   130/149     7.91G    0.0194   0.02049  0.001502   0.04139        13       640    0.8231    0.7899     0.854    0.4656   0.05435    0.2019   0.01293
   131/149     7.91G   0.01935   0.02018  0.001556   0.04108        27       640     0.847    0.7678    0.8543     0.466   0.05442    0.2012     0.013
   132/149     7.91G   0.01945   0.02032  0.001609   0.04138        67       640    0.8156    0.7959    0.8529    0.4648    0.0544    0.2009    0.0131
   133/149     7.91G   0.01931   0.02032  0.001482   0.04111        53       640     0.829    0.7833    0.8519    0.4644   0.05439    0.2007    0.0133
   134/149     7.91G   0.01925   0.01986  0.001444   0.04055        16       640    0.8222    0.7887    0.8529    0.4651   0.05433    0.2014   0.01326
   135/149     7.91G   0.01943   0.02035   0.00153   0.04131        13       640    0.8383    0.7742    0.8517    0.4644   0.05432    0.2012   0.01334
   136/149     7.91G   0.01921   0.02027  0.001474   0.04095        42       640    0.8344    0.7802    0.8513    0.4638   0.05434     0.201   0.01346
   137/149     7.91G    0.0192   0.01952  0.001509   0.04023        26       640    0.8274     0.785    0.8524    0.4652   0.05423    0.2026   0.01341
   138/149     7.91G   0.01913   0.01994  0.001445   0.04052         6       640    0.8218    0.7849     0.852    0.4657   0.05417    0.2036    0.0132
   139/149     7.91G   0.01918   0.02036  0.001559    0.0411        22       640    0.8213    0.7871    0.8523    0.4657   0.05412    0.2035   0.01323
   140/149     7.91G   0.01911   0.01985  0.001444    0.0404        65       640    0.8324     0.778    0.8527    0.4658    0.0542    0.2029   0.01316
   141/149     7.91G   0.01916   0.02026  0.001455   0.04088        73       640    0.8261    0.7855    0.8543    0.4656   0.05422    0.2022   0.01311
   142/149     7.91G   0.01921   0.01969  0.001375   0.04028        14       640    0.8386    0.7773    0.8553    0.4667   0.05414    0.2025   0.01306
   143/149     7.91G   0.01911   0.01932  0.001468    0.0399        13       640    0.8342    0.7829    0.8553    0.4666   0.05409    0.2034   0.01303
   144/149     7.91G    0.0191   0.01986  0.001438    0.0404        12       640    0.8271    0.7898    0.8555    0.4663   0.05406    0.2032   0.01305
   145/149     7.91G   0.01913   0.01965  0.001427    0.0402         5       640    0.8366    0.7804    0.8555    0.4671   0.05398    0.2038   0.01306
   146/149     7.91G   0.01914   0.01952  0.001451   0.04011         4       640    0.8432     0.774    0.8547    0.4669   0.05395    0.2045   0.01306
   147/149     7.91G   0.01926    0.0205  0.001412   0.04117        71       640    0.8411    0.7766    0.8542    0.4673   0.05396    0.2048   0.01302
   148/149     7.91G   0.01911   0.01993  0.001447   0.04048        13       640    0.8499    0.7696    0.8554    0.4671   0.05398    0.2055   0.01314
   149/149     7.91G   0.01911   0.02017  0.001457   0.04074        40       640    0.8386    0.7791    0.8549    0.4669   0.05394     0.206   0.01312
