     0/149     3.02G   0.07356   0.03272   0.02435    0.1306        28       640  0.001074   0.05352   0.00023 3.976e-05     0.105   0.09338   0.02331
     1/149     6.34G   0.07154   0.03203    0.0224     0.126         5       640  0.002945   0.04549  0.001256  0.000237    0.1033   0.09618   0.02145
     2/149     7.68G    0.0673   0.03024   0.01966    0.1172        34       640    0.8365    0.1031   0.07343   0.02351    0.0978   0.08888   0.01975
     3/149     7.68G    0.0623   0.03086   0.01615    0.1093        59       640    0.9227    0.1386    0.1606   0.06215   0.09426   0.08815    0.0195
     4/149     7.68G   0.05855   0.03007   0.01404    0.1027        10       640    0.9473    0.1535    0.2027   0.07916   0.09192   0.08665   0.01804
     5/149     7.68G   0.05614   0.03007   0.01292   0.09913        34       640    0.2083    0.3202     0.247   0.09616   0.08919   0.08874   0.01926
     6/149     7.68G   0.05457   0.02865   0.01112   0.09433        41       640     0.449    0.3331    0.3364    0.1286   0.08607   0.09142   0.01634
     7/149     7.68G   0.05331   0.02792  0.009101   0.09033        34       640    0.5817    0.3739    0.4067    0.1569   0.08409     0.091   0.01604
     8/149     7.68G   0.05197   0.02727  0.007724   0.08696        34       640    0.5695    0.4207    0.4397    0.1626   0.08208   0.09452    0.0142
     9/149     7.68G   0.05098   0.02625  0.007021   0.08425        51       640     0.546    0.4701    0.4769    0.1935   0.08055   0.09257   0.01393
    10/149     7.68G   0.04982   0.02642  0.006382   0.08262        10       640    0.6161    0.5001    0.5299    0.2169   0.07925   0.09386   0.01531
    11/149     7.68G   0.04908     0.026  0.005927     0.081        30       640     0.578    0.5512    0.5511     0.228   0.07868   0.09154   0.01251
    12/149     7.68G   0.04834   0.02616  0.005594   0.08009        38       640    0.6627    0.5465    0.5859    0.2512   0.07744   0.09403   0.01194
    13/149     7.68G   0.04769   0.02556  0.005296   0.07854        17       640    0.6124    0.5699    0.5815    0.2474   0.07647    0.0971   0.01156
    14/149     7.68G   0.04743   0.02593  0.005297   0.07865        66       640    0.6517    0.5858    0.6092    0.2629   0.07622   0.09586   0.01176
    15/149     7.68G   0.04657   0.02595  0.005122   0.07763        18       640    0.6596    0.5967    0.6197    0.2718   0.07588   0.09783   0.01168
    16/149     7.68G    0.0461   0.02527  0.004661   0.07603        18       640    0.6438    0.6165    0.6225    0.2755    0.0752    0.0978    0.0112
    17/149     7.68G   0.04612   0.02492  0.004506   0.07554         9       640    0.6638    0.6225    0.6502     0.291    0.0742   0.09969   0.01093
    18/149     7.68G   0.04507   0.02492  0.004362   0.07435        84       640    0.7246    0.5899    0.6524    0.2935   0.07436    0.1003   0.01143
    19/149     7.68G     0.045   0.02496  0.004362   0.07432         8       640    0.6903    0.6202    0.6564    0.2948   0.07429   0.09984    0.0117
    20/149     7.68G   0.04453   0.02471  0.004169   0.07341        28       640    0.6894     0.625    0.6501     0.296   0.07424    0.1011   0.01097
    21/149     7.68G   0.04429   0.02488  0.004245   0.07341        74       640     0.723    0.6373    0.6882    0.3177   0.07417    0.1024   0.01078
    22/149     7.68G   0.04383    0.0244  0.003926   0.07215        23       640    0.7122     0.639    0.6871    0.3208   0.07323    0.1029   0.01062
    23/149     7.68G   0.04345   0.02429  0.003767    0.0715        40       640    0.7116    0.6687    0.7063    0.3298   0.07382    0.1045   0.01068
    24/149     7.68G   0.04318   0.02416  0.003783   0.07112        51       640    0.7416    0.6557    0.7093     0.329   0.07237    0.1041   0.01056
    25/149     7.68G   0.04317   0.02394  0.003877   0.07099        27       640    0.7513    0.6533    0.7148    0.3371   0.07274    0.1058   0.01076
    26/149     7.68G   0.04253   0.02359  0.003458   0.06958        20       640    0.7348    0.6771    0.7251    0.3423   0.07197    0.1068   0.01066
    27/149     7.68G   0.04276   0.02383  0.003651   0.07025        51       640    0.7457    0.6765     0.732    0.3509    0.0717    0.1095   0.01087
    28/149     7.68G   0.04204   0.02349  0.003262   0.06879         3       640    0.7601    0.6734    0.7328    0.3515   0.07213    0.1103   0.01086
    29/149     7.68G   0.04202    0.0236  0.003384     0.069        13       640     0.719    0.7083    0.7347     0.354   0.07106    0.1113    0.0106
    30/149     7.68G   0.04186   0.02325   0.00318   0.06829        26       640    0.7613    0.6925    0.7471    0.3611   0.07092    0.1129  0.009967
    31/149     7.68G   0.04151   0.02374  0.003245    0.0685        23       640    0.7574     0.681    0.7393    0.3573   0.07136    0.1143    0.0102
    32/149     7.68G   0.04166   0.02313  0.003173   0.06796        35       640     0.768    0.6922    0.7539    0.3692   0.07099    0.1149  0.009777
    33/149     7.68G   0.04148    0.0231  0.003061   0.06765        12       640      0.78    0.6954    0.7599    0.3776   0.07116    0.1169   0.00959
    34/149     7.68G   0.04107   0.02308  0.003091   0.06724        34       640    0.7497    0.7075    0.7572    0.3752   0.07033    0.1206  0.009747
    35/149     7.68G   0.04117   0.02369  0.003297   0.06815         4       640    0.7877    0.6876    0.7626    0.3728   0.07051    0.1212  0.009752
    36/149     7.68G   0.04125   0.02266  0.003039   0.06694         9       640    0.7816    0.7079    0.7719    0.3821   0.07025    0.1221  0.009662
    37/149     7.68G   0.04066   0.02309  0.002988   0.06674         9       640     0.752    0.7373    0.7783    0.3873   0.07025    0.1204   0.01008
    38/149     7.68G   0.04038   0.02248  0.002985   0.06585        10       640    0.7902    0.6841    0.7654    0.3734    0.0706    0.1241  0.009746
    39/149     7.68G   0.04046   0.02319  0.002898   0.06654        19       640    0.7526    0.7249    0.7744    0.3849   0.07022    0.1232  0.009916
    40/149     7.68G    0.0402   0.02289  0.002895   0.06598        14       640    0.7936    0.6993    0.7753    0.3887   0.06963    0.1291  0.009752
    41/149     7.68G   0.04034    0.0229  0.002759   0.06601        13       640    0.8047    0.7059    0.7868    0.4008   0.06917    0.1293  0.009611
    42/149     7.68G   0.04032   0.02235  0.002765   0.06544        25       640    0.7877    0.7149    0.7835    0.3963   0.06911    0.1275   0.00992
    43/149     7.68G    0.0397   0.02234  0.002648   0.06468        33       640    0.7635    0.7379    0.7869     0.401    0.0694    0.1271  0.009437
    44/149     7.68G   0.03958   0.02245   0.00277   0.06481        29       640     0.783    0.7221    0.7883    0.4042   0.06928    0.1277   0.01019
    45/149     7.68G   0.03949   0.02248   0.00258   0.06455        19       640    0.7961    0.7157    0.7901    0.4049    0.0686    0.1299  0.009711
    46/149     7.68G   0.03937   0.02224  0.002583    0.0642        49       640    0.7906    0.7343    0.7963    0.4106   0.06824     0.134  0.009621
    47/149     7.68G   0.03926   0.02245  0.002756   0.06447        33       640    0.7976    0.7241    0.7993     0.409   0.06855    0.1301  0.009951
    48/149     7.68G   0.03909   0.02201  0.002592   0.06369        17       640    0.7637    0.7461    0.7906      0.41   0.06834    0.1336  0.009472
    49/149     7.68G   0.03937   0.02231  0.002575   0.06425        37       640    0.8152    0.7204    0.8002    0.4145   0.06861    0.1315  0.009564
    50/149     7.68G   0.03888   0.02196  0.002626   0.06346         4       640    0.7885    0.7389    0.7984    0.4131   0.06836     0.132  0.009398
    51/149     7.68G   0.03897   0.02132  0.002507   0.06279        46       640    0.8154    0.7204    0.8044    0.4142    0.0682    0.1331  0.009114
    52/149     7.68G   0.03888   0.02198  0.002501   0.06335         8       640    0.8094    0.7286    0.8078    0.4202   0.06828    0.1308  0.009879
    53/149     7.68G   0.03871   0.02178  0.002584   0.06307        11       640    0.7962    0.7351     0.804    0.4222   0.06846     0.132  0.009676
    54/149     7.68G     0.039   0.02169  0.002472   0.06316        12       640    0.8031     0.742    0.8125    0.4214   0.06829    0.1332  0.009559
    55/149     7.68G   0.03843   0.02169  0.002502   0.06263        11       640    0.8104     0.732    0.8098    0.4233   0.06791    0.1329  0.009777
    56/149     7.68G   0.03843   0.02162   0.00244   0.06249        57       640    0.7895    0.7502    0.8097    0.4239   0.06774    0.1342  0.009559
    57/149     7.68G   0.03855   0.02194  0.002455   0.06295        33       640    0.8043    0.7467    0.8144    0.4277   0.06758     0.137  0.009635
    58/149     7.68G   0.03825   0.02148  0.002301   0.06203        36       640    0.7968    0.7473    0.8143    0.4278   0.06841    0.1365  0.009629
    59/149     7.68G   0.03786   0.02118  0.002396   0.06143        53       640    0.8166    0.7363    0.8165    0.4298   0.06718    0.1359  0.009952
    60/149     7.68G   0.03787   0.02099  0.002353   0.06121        39       640    0.8013    0.7499    0.8185    0.4321    0.0672    0.1405  0.009611
    61/149     7.68G   0.03784   0.02177  0.002478   0.06208        11       640    0.7944    0.7601    0.8194    0.4362   0.06755    0.1347  0.009791
    62/149     7.68G   0.03768   0.02131  0.002396   0.06139         5       640    0.7991    0.7504    0.8173    0.4335   0.06719    0.1369   0.00948
    63/149     7.68G   0.03784   0.02165  0.002402   0.06188        37       640    0.8113    0.7534    0.8235    0.4381   0.06778    0.1384  0.009498
    64/149     7.68G   0.03787   0.02178   0.00232   0.06197        32       640    0.8239    0.7383    0.8198    0.4321   0.06754    0.1385  0.009201
    65/149     7.68G    0.0377   0.02163  0.002197   0.06153         8       640    0.8121    0.7466    0.8208    0.4392   0.06703    0.1409  0.009362
    66/149     7.68G   0.03749   0.02142  0.002286    0.0612        15       640    0.8237    0.7456    0.8236    0.4389   0.06688    0.1416  0.009513
    67/149     7.68G    0.0376   0.02108  0.002236   0.06092        34       640    0.8228    0.7432    0.8254    0.4397   0.06699    0.1431  0.009381
    68/149     7.68G   0.03735   0.02133  0.002285   0.06096        10       640    0.7942    0.7714    0.8262    0.4413   0.06743    0.1376  0.009752
    69/149     7.68G   0.03714   0.02083   0.00218   0.06015        12       640    0.8012    0.7689    0.8267    0.4406   0.06702    0.1419  0.009471
    70/149     7.68G    0.0372    0.0216  0.002224   0.06103        40       640    0.8023    0.7709    0.8317     0.445   0.06688    0.1403  0.009421
    71/149     7.68G   0.03724   0.02109  0.002151   0.06049        48       640    0.8215     0.756    0.8318    0.4474   0.06705     0.142   0.00924
    72/149     7.68G    0.0371   0.02045  0.002142    0.0597         9       640    0.8049    0.7728    0.8318    0.4499    0.0669    0.1415  0.009138
    73/149     7.68G   0.03675   0.02089  0.002132   0.05977        29       640    0.8169    0.7628    0.8342    0.4498   0.06646    0.1415   0.00967
    74/149     7.68G     0.037   0.02071  0.002266   0.05997         8       640    0.8086    0.7672    0.8324      0.45   0.06657    0.1423  0.009346
    75/149     7.68G   0.03678   0.02122   0.00205   0.06004        58       640    0.8118    0.7691    0.8313    0.4504   0.06648    0.1437  0.009735
    76/149     7.68G   0.03681    0.0205  0.002042   0.05936        33       640    0.8028    0.7823    0.8367    0.4546   0.06646    0.1426   0.00923
    77/149     7.68G   0.03677   0.02087  0.002119   0.05976        39       640    0.8145    0.7686    0.8351     0.455    0.0667    0.1439  0.009297
    78/149     7.68G   0.03696   0.02049  0.002193   0.05964         6       640    0.8091    0.7803    0.8399    0.4568   0.06645    0.1426  0.009436
    79/149     7.68G   0.03664   0.02092   0.00207   0.05963        76       640    0.8188    0.7657    0.8356    0.4585   0.06619    0.1432  0.009297
    80/149     7.68G   0.03667   0.02109  0.002138   0.05989        14       640    0.8186    0.7665     0.838    0.4576     0.066    0.1441  0.009305
    81/149     7.68G   0.03636   0.02102  0.002155   0.05954        18       640    0.8263    0.7612    0.8395    0.4591   0.06635    0.1415  0.009498
    82/149     7.68G    0.0363   0.02039  0.002084   0.05878        69       640      0.81    0.7705    0.8353    0.4555   0.06603    0.1442  0.009442
    83/149     7.68G   0.03606   0.02054  0.001981   0.05858        19       640    0.8008    0.7856    0.8395    0.4587   0.06626    0.1431  0.009333
    84/149     7.68G    0.0362    0.0205  0.002023   0.05872        66       640    0.8054    0.7782      0.84    0.4604   0.06574    0.1472  0.009717
    85/149     7.68G   0.03585   0.02073  0.002039   0.05862        12       640     0.807    0.7762    0.8366    0.4569   0.06558    0.1475  0.009802
    86/149     7.68G   0.03611   0.02062  0.002025   0.05876         7       640    0.8214    0.7709    0.8408    0.4633   0.06583    0.1439  0.009651
    87/149     7.68G   0.03577   0.02022  0.001934   0.05793        21       640    0.7979    0.7849    0.8368    0.4624   0.06601    0.1448  0.009632
    88/149     7.68G   0.03569   0.02015   0.00185   0.05769        16       640    0.8158     0.779    0.8444    0.4672   0.06546    0.1476  0.009467
    89/149     7.68G   0.03582   0.02003  0.002032   0.05789        24       640    0.8289    0.7649    0.8426    0.4615   0.06569    0.1477   0.00947
    90/149     7.68G   0.03568   0.02073  0.001937   0.05834        18       640    0.8111    0.7774     0.843    0.4652   0.06566    0.1475  0.009545
    91/149     7.68G   0.03572   0.02019  0.002006   0.05791        29       640    0.8183    0.7801    0.8448    0.4666   0.06525    0.1499  0.009436
    92/149     7.68G   0.03523   0.02041  0.001929   0.05757        56       640    0.8228    0.7721    0.8443     0.465   0.06532    0.1505  0.009321
    93/149     7.68G   0.03529   0.02063  0.001908   0.05783        57       640    0.8344    0.7627    0.8452    0.4665   0.06526    0.1491  0.009394
    94/149     7.68G    0.0351   0.02009  0.001791   0.05698         7       640    0.8177    0.7821    0.8464    0.4664   0.06501    0.1501  0.009234
    95/149     7.68G   0.03526   0.02038  0.001906   0.05755         5       640    0.8228    0.7811    0.8496    0.4694   0.06529    0.1489  0.009289
    96/149     7.68G   0.03552    0.0201  0.001918   0.05754        34       640    0.8264     0.776    0.8508    0.4714   0.06528    0.1489  0.009368
    97/149     7.68G    0.0352   0.02006  0.001863   0.05712        47       640    0.8064    0.7916    0.8475    0.4698   0.06496    0.1511  0.009549
    98/149     7.68G   0.03498   0.02005  0.001848   0.05688        11       640    0.8265    0.7788     0.846    0.4698   0.06497    0.1498  0.009536
    99/149     7.68G   0.03476   0.01978  0.001788   0.05633        14       640    0.8044    0.7987    0.8488    0.4704   0.06509    0.1515  0.009508
   100/149     7.68G    0.0346   0.01995  0.001752    0.0563         3       640    0.8181    0.7858    0.8492    0.4735   0.06478     0.153  0.009399
   101/149     7.68G   0.03478    0.0199  0.001776   0.05646        16       640    0.8221    0.7821    0.8483    0.4726    0.0649    0.1516  0.009415
   102/149     7.68G   0.03488   0.01978  0.001847   0.05651        17       640    0.8278    0.7781    0.8503    0.4758    0.0648    0.1514    0.0095
   103/149     7.68G   0.03433   0.01968  0.001806   0.05581        13       640    0.8276    0.7797     0.852     0.476   0.06487     0.152  0.009393
   104/149     7.68G   0.03454    0.0203  0.001867   0.05671        34       640    0.8201    0.7879    0.8533    0.4791   0.06493     0.152  0.009461
   105/149     7.68G   0.03447   0.01968  0.001709   0.05586         7       640    0.8243    0.7875    0.8532    0.4785   0.06468    0.1531  0.009407
   106/149     7.68G   0.03473   0.01979   0.00189   0.05641        48       640    0.8234    0.7897     0.854    0.4802    0.0646    0.1531  0.009454
   107/149     7.68G   0.03458   0.02012  0.001761   0.05646        13       640    0.8104    0.7996    0.8522    0.4785   0.06447    0.1541  0.009325
   108/149     7.68G   0.03414   0.01956  0.001852   0.05555        18       640    0.8203    0.7873    0.8497    0.4774   0.06454     0.153  0.009533
   109/149     7.68G   0.03435   0.01949  0.001708   0.05555         8       640    0.8203     0.791    0.8531    0.4805   0.06435    0.1542  0.009582
   110/149     7.68G   0.03428   0.01925  0.001807   0.05533        36       640    0.8073    0.7999    0.8509    0.4797   0.06437    0.1545  0.009726
   111/149     7.68G   0.03406    0.0195  0.001739    0.0553        18       640    0.8256    0.7828    0.8519    0.4808    0.0644    0.1553   0.00958
   112/149     7.68G   0.03389   0.01958  0.001735    0.0552        45       640     0.821    0.7891    0.8509    0.4804   0.06443     0.155  0.009581
   113/149     7.68G   0.03376   0.01918  0.001729   0.05467        12       640    0.8247    0.7844    0.8522    0.4815    0.0643    0.1547  0.009708
   114/149     7.68G   0.03367   0.01965   0.00167   0.05499        54       640    0.8177    0.7882    0.8522    0.4827   0.06404     0.156  0.009646
   115/149     7.68G   0.03383   0.01994  0.001745   0.05552        30       640    0.8285    0.7812    0.8532    0.4829   0.06384     0.157  0.009554
   116/149     7.68G   0.03378    0.0197   0.00173   0.05521        13       640    0.8212    0.7898    0.8515    0.4815   0.06405    0.1568  0.009501
   117/149     7.68G   0.03384   0.01964  0.001719    0.0552         9       640    0.8354    0.7791    0.8533    0.4799   0.06418    0.1565  0.009483
   118/149     7.68G   0.03362   0.01909  0.001656   0.05437         6       640    0.8394    0.7766    0.8532    0.4807   0.06434    0.1553  0.009499
   119/149     7.68G   0.03383   0.01975  0.001775   0.05536        25       640    0.8274    0.7827    0.8529    0.4807   0.06423    0.1567  0.009502
   120/149     7.68G   0.03335   0.01914  0.001635   0.05413        29       640    0.8282     0.785     0.853    0.4823   0.06426    0.1563  0.009449
   121/149     7.68G    0.0335   0.01925  0.001674   0.05443        20       640    0.8432    0.7733    0.8531     0.483   0.06442    0.1549  0.009404
   122/149     7.68G   0.03339   0.01928  0.001642   0.05431        29       640    0.8265    0.7885     0.855    0.4834   0.06444    0.1546  0.009384
   123/149     7.68G    0.0333   0.01894  0.001587   0.05382        28       640    0.8236     0.789    0.8542    0.4847   0.06421    0.1562  0.009423
   124/149     7.68G    0.0331   0.01922  0.001614   0.05394        11       640    0.8356    0.7798    0.8532    0.4848   0.06407    0.1567  0.009468
   125/149     7.68G   0.03316   0.01925  0.001638   0.05405        27       640    0.8299    0.7818    0.8535    0.4848     0.064    0.1567  0.009516
   126/149     7.68G   0.03318   0.01925  0.001568     0.054         8       640    0.8429     0.774    0.8539     0.484   0.06392    0.1577  0.009484
   127/149     7.68G   0.03292   0.01902  0.001592   0.05353         4       640    0.8372    0.7781    0.8546    0.4872   0.06374    0.1584  0.009521
   128/149     7.68G   0.03304   0.01912  0.001452   0.05361        16       640    0.8139    0.8001    0.8536     0.486    0.0637    0.1594  0.009437
   129/149     7.68G   0.03312   0.01947  0.001526   0.05412        38       640    0.8237     0.792    0.8548    0.4868   0.06367    0.1595  0.009421
   130/149     7.68G     0.033   0.01933  0.001621   0.05396        21       640    0.8447    0.7713    0.8541    0.4884   0.06373    0.1589  0.009481
   131/149     7.68G   0.03267   0.01914  0.001516   0.05333        31       640    0.8136    0.7955    0.8527    0.4866   0.06386    0.1588  0.009543
   132/149     7.68G   0.03291   0.01948  0.001635   0.05403        15       640    0.8225    0.7902    0.8539    0.4865   0.06388    0.1581  0.009576
   133/149     7.68G   0.03276   0.01909  0.001557   0.05341        29       640    0.8214    0.7922    0.8536    0.4863   0.06377    0.1587  0.009616
   134/149     7.68G   0.03292   0.01927    0.0016   0.05378        62       640    0.8396    0.7788    0.8536    0.4865    0.0637    0.1593  0.009543
   135/149     7.68G   0.03271   0.01904  0.001522   0.05328        40       640    0.8313    0.7834    0.8549    0.4867   0.06364    0.1598  0.009468
   136/149     7.69G   0.03265   0.01897  0.001601   0.05322        52       640     0.823    0.7933    0.8555    0.4877   0.06365    0.1598  0.009468
   137/149     7.69G   0.03236   0.01895  0.001524   0.05284        21       640     0.813    0.8004     0.856    0.4873   0.06363    0.1597  0.009465
   138/149     7.69G   0.03251   0.01909  0.001447   0.05304        51       640    0.8327    0.7843    0.8548    0.4865    0.0636    0.1601   0.00944
   139/149     7.69G   0.03218   0.01896  0.001506   0.05265         6       640    0.8094    0.8054    0.8551    0.4878   0.06361    0.1603  0.009453
   140/149     7.69G   0.03242   0.01852  0.001567   0.05251        34       640    0.8348    0.7834    0.8556    0.4889    0.0637    0.1598   0.00947
   141/149     7.69G   0.03215   0.01851  0.001537   0.05219        49       640    0.8123    0.8037     0.856    0.4894   0.06368    0.1597  0.009437
   142/149     7.69G   0.03255   0.01841  0.001541    0.0525         3       640    0.8132    0.8019    0.8557    0.4886   0.06362    0.1604  0.009442
   143/149     7.69G   0.03213   0.01852  0.001547   0.05221        11       640    0.7972    0.8153    0.8548    0.4878   0.06361    0.1606  0.009418
   144/149     7.69G   0.03254   0.01869  0.001497   0.05273        18       640     0.817    0.7995    0.8546    0.4882   0.06365     0.161  0.009401
   145/149     7.69G   0.03233     0.019  0.001503   0.05283        24       640    0.8244    0.7911    0.8538    0.4879   0.06362    0.1612  0.009399
   146/149     7.69G   0.03203   0.01866  0.001481   0.05217        32       640    0.8174    0.7966    0.8536    0.4888   0.06357    0.1614  0.009417
   147/149     7.69G   0.03212   0.01824  0.001523   0.05188        39       640    0.8177    0.7957     0.854    0.4883   0.06361    0.1617  0.009363
   148/149     7.69G   0.03195   0.01882  0.001462   0.05223        18       640    0.8468    0.7733    0.8545     0.489   0.06358    0.1616  0.009345
   149/149     7.69G   0.03205   0.01872  0.001443   0.05221         6       640    0.8367    0.7826    0.8542    0.4889   0.06355    0.1616  0.009355
