     0/149     1.95G   0.04184   0.04252   0.02432    0.1087        29       640  0.001061   0.04874 0.0001522 2.724e-05    0.1032    0.0938   0.02301
     1/149     6.92G   0.04031   0.04168   0.02198     0.104        22       640    0.0167   0.02978  0.007447  0.001858   0.09755   0.09883   0.02029
     2/149     8.26G   0.03781    0.0392   0.01858   0.09559        27       640    0.6246   0.09301    0.1013   0.03355   0.09524   0.08665   0.01918
     3/149     8.26G    0.0355     0.036    0.0145     0.086        16       640    0.9224    0.1491    0.1655   0.05826    0.0924   0.08552   0.01849
     4/149     8.26G   0.03329   0.03582    0.0127   0.08181        27       640    0.9439    0.1589    0.2023   0.07692   0.08995   0.08601   0.01813
     5/149     8.26G   0.03225   0.03444   0.01127   0.07795        17       640    0.2476    0.2871    0.2381    0.0888   0.08761   0.08944   0.01735
     6/149     8.26G   0.03139   0.03436  0.009711   0.07546        55       640     0.401    0.2982     0.294    0.1092   0.08727   0.08823   0.01579
     7/149     8.26G   0.03072   0.03292  0.008511   0.07214        27       640     0.451    0.3867    0.3666    0.1365   0.08404   0.09215   0.01501
     8/149     8.26G   0.02973   0.03192   0.00744   0.06909        23       640    0.4982    0.4278     0.421    0.1611   0.08145   0.09322   0.01275
     9/149     8.26G   0.02924   0.03156  0.006614   0.06742        64       640    0.5912    0.4271    0.4484    0.1754   0.07792    0.1014   0.01343
    10/149     8.26G   0.02859   0.03119  0.006187   0.06596        21       640    0.5476     0.489    0.4904    0.1887   0.07575    0.1015   0.01337
    11/149     8.27G   0.02806   0.03074  0.005705    0.0645        74       640    0.5879    0.4983    0.5175    0.2083   0.07417    0.1025   0.01277
    12/149     8.27G   0.02764   0.02995  0.005374   0.06296        23       640    0.5921    0.5198    0.5324    0.2142   0.07384    0.1047   0.01357
    13/149     8.27G   0.02721   0.03043  0.005022   0.06266        72       640     0.615    0.5361    0.5602    0.2259   0.07269    0.1041    0.0116
    14/149     8.27G   0.02697   0.02976  0.004952   0.06168        35       640    0.6021    0.5524    0.5674    0.2291    0.0735    0.1063   0.01193
    15/149     8.27G   0.02663    0.0288   0.00471   0.06014        18       640    0.6348    0.5625    0.5804    0.2419   0.07198    0.1086   0.01164
    16/149     8.27G   0.02657   0.02869  0.004571   0.05983        25       640    0.6444     0.578    0.5998    0.2512   0.07142    0.1088   0.01276
    17/149     8.27G   0.02613   0.02788   0.00417   0.05819        21       640    0.6275    0.5922    0.6075    0.2555    0.0713    0.1124   0.01205
    18/149     8.27G   0.02586   0.02781  0.004354   0.05802         9       640    0.6672    0.6015    0.6325    0.2674   0.07045    0.1133   0.01122
    19/149     8.27G   0.02576   0.02801  0.004218   0.05799        19       640    0.6356    0.6224    0.6358    0.2687    0.0696    0.1163   0.01235
    20/149     8.27G    0.0255   0.02758  0.003968   0.05705        54       640    0.6932    0.6201    0.6605    0.2908   0.06913     0.113   0.01132
    21/149     8.27G   0.02542   0.02744  0.003945   0.05681        19       640    0.6626    0.6369    0.6654    0.2926   0.06842     0.122   0.01156
    22/149     8.27G   0.02524   0.02799  0.003957   0.05718        18       640     0.701    0.6329    0.6749    0.2977   0.06842    0.1189   0.01303
    23/149     8.27G   0.02495   0.02739  0.003713   0.05605        48       640    0.6872    0.6376    0.6705    0.2919    0.0685    0.1216    0.0124
    24/149     8.27G   0.02486   0.02703  0.003714    0.0556        83       640    0.7002    0.6527    0.6919     0.301   0.06774    0.1246   0.01191
    25/149     8.27G   0.02482   0.02642  0.003588   0.05483        40       640    0.7147    0.6648    0.7052    0.3149   0.06713    0.1294   0.01152
    26/149     8.27G   0.02456   0.02664  0.003421   0.05461        25       640    0.6842    0.6809    0.7023    0.3139   0.06687    0.1294   0.01335
    27/149     8.27G   0.02453   0.02614  0.003258   0.05392        34       640    0.7542    0.6537    0.7143    0.3192   0.06595     0.131   0.01185
    28/149     8.27G   0.02424   0.02607  0.003354   0.05366        19       640    0.7442     0.653    0.7153    0.3193   0.06614    0.1306   0.01189
    29/149     8.27G   0.02421   0.02627  0.003138   0.05361        22       640    0.7261     0.683    0.7271    0.3311    0.0659    0.1314   0.01159
    30/149     8.27G   0.02407   0.02587  0.003251    0.0532        32       640    0.7214    0.6952    0.7333    0.3379   0.06504    0.1355   0.01227
    31/149     8.27G    0.0239   0.02612  0.003176   0.05319        13       640    0.7219    0.7019    0.7369    0.3374   0.06483    0.1352   0.01101
    32/149     8.27G   0.02374   0.02515  0.003109   0.05199        41       640    0.7368    0.6999    0.7441    0.3446   0.06503     0.136   0.01181
    33/149     8.27G   0.02368   0.02547  0.003095   0.05225        58       640    0.7396    0.6854    0.7402    0.3425   0.06436    0.1371   0.01187
    34/149     8.27G   0.02359    0.0258  0.002968   0.05236        16       640    0.7517    0.6977    0.7511     0.353   0.06379    0.1397   0.01276
    35/149     8.27G   0.02346   0.02498  0.002941   0.05139        95       640     0.758    0.6949    0.7534    0.3546   0.06362    0.1408   0.01232
    36/149     8.27G   0.02345    0.0252  0.002961   0.05161         2       640    0.7652    0.6944     0.756    0.3508    0.0638    0.1418   0.01265
    37/149     8.27G   0.02335   0.02551  0.002936   0.05179        16       640    0.7618    0.7101     0.765    0.3571   0.06329    0.1456   0.01231
    38/149     8.27G   0.02332   0.02509   0.00298   0.05139        40       640     0.761    0.7028     0.757    0.3549   0.06331    0.1427   0.01205
    39/149     8.27G   0.02324   0.02448  0.002845   0.05056        58       640    0.7685    0.7165    0.7717    0.3628   0.06306    0.1465   0.01261
    40/149     8.27G    0.0231   0.02458  0.002835   0.05052        14       640    0.7626    0.7078    0.7644    0.3624   0.06269    0.1487   0.01148
    41/149     8.27G   0.02302   0.02409  0.002771   0.04988        17       640    0.7694    0.7189      0.78    0.3739   0.06226    0.1495   0.01361
    42/149     8.27G   0.02295   0.02485  0.002774   0.05057        22       640    0.7771    0.7118    0.7732    0.3706   0.06188    0.1493   0.01253
    43/149     8.27G   0.02292   0.02409  0.002748   0.04976        15       640    0.7752    0.7206    0.7811    0.3769   0.06165    0.1513   0.01235
    44/149     8.27G    0.0229   0.02415  0.002705   0.04976        14       640    0.7855    0.7172     0.783    0.3757   0.06163    0.1546   0.01267
    45/149     8.27G   0.02291   0.02469  0.002736   0.05033        26       640    0.7804    0.7218    0.7851    0.3837   0.06182    0.1536   0.01191
    46/149     8.27G   0.02261   0.02354  0.002539   0.04869        37       640    0.7789    0.7287    0.7907    0.3853   0.06159    0.1549   0.01248
    47/149     8.27G   0.02261   0.02389  0.002609   0.04911        34       640    0.7962    0.7063    0.7827    0.3816   0.06158    0.1575    0.0128
    48/149     8.27G    0.0226   0.02399   0.00257   0.04916        24       640    0.7612    0.7433    0.7897    0.3843   0.06167    0.1566    0.0128
    49/149     8.27G   0.02244   0.02402  0.002445    0.0489        20       640    0.8013    0.7273    0.7986    0.3872   0.06144     0.153   0.01189
    50/149     8.27G   0.02245   0.02428  0.002581   0.04932        50       640    0.7675    0.7473    0.7965     0.392   0.06133    0.1585   0.01345
    51/149     8.27G   0.02232   0.02419  0.002455   0.04897        13       640    0.8189    0.7092    0.7987    0.3905   0.06063    0.1599   0.01411
    52/149     8.27G   0.02229   0.02398  0.002517   0.04879        60       640    0.7928     0.733    0.8041    0.3958    0.0605    0.1596    0.0132
    53/149     8.27G   0.02217   0.02345  0.002433   0.04805        55       640    0.8125    0.7324     0.811     0.404   0.06069    0.1604   0.01298
    54/149     8.27G   0.02214    0.0231  0.002356    0.0476        12       640    0.8092    0.7339    0.8114    0.4029   0.06042    0.1632   0.01273
    55/149     8.27G   0.02213    0.0236  0.002506   0.04823        25       640    0.8015    0.7403    0.8073    0.4043   0.06009     0.161   0.01344
    56/149     8.27G   0.02199   0.02361   0.00237   0.04797        44       640    0.8026    0.7386    0.8103    0.4047   0.06029    0.1635   0.01222
    57/149     8.27G     0.022   0.02338  0.002219   0.04759        33       640    0.7928    0.7484    0.8069    0.4043   0.06022    0.1649   0.01277
    58/149     8.27G    0.0219   0.02306  0.002335    0.0473        73       640    0.8055    0.7478    0.8168     0.408   0.06001    0.1652   0.01163
    59/149     8.27G   0.02186   0.02344  0.002355   0.04765        44       640     0.808    0.7389    0.8125    0.4076   0.05959    0.1635   0.01292
    60/149     8.27G   0.02183   0.02331  0.002334   0.04748        73       640    0.8183    0.7318    0.8162    0.4104   0.05953    0.1659   0.01177
    61/149     8.27G   0.02192   0.02284  0.002245   0.04701         3       640    0.8135    0.7414      0.82     0.416   0.05961    0.1694   0.01215
    62/149     8.27G   0.02171   0.02296  0.002352   0.04703        42       640    0.8204    0.7355    0.8167    0.4164   0.05965    0.1686   0.01303
    63/149     8.27G   0.02168   0.02291    0.0023   0.04689         5       640    0.8179    0.7392    0.8188    0.4148   0.05942     0.168   0.01308
    64/149     8.27G   0.02162   0.02312  0.002304   0.04704        73       640    0.8114    0.7453    0.8162     0.413   0.05902    0.1685   0.01346
    65/149     8.27G   0.02154   0.02273    0.0021   0.04637        40       640    0.8009     0.762    0.8257    0.4213   0.05885    0.1712   0.01294
    66/149     8.27G   0.02147   0.02334   0.00225   0.04706        38       640    0.8118    0.7489     0.824    0.4188   0.05871    0.1717   0.01321
    67/149     8.27G    0.0215   0.02275  0.002058   0.04631         2       640    0.7923    0.7698    0.8236    0.4221   0.05846    0.1739   0.01262
    68/149     8.27G   0.02149   0.02213  0.002203   0.04582        12       640    0.8022    0.7576    0.8232    0.4206    0.0588    0.1754   0.01302
    69/149     8.27G   0.02133   0.02314  0.002264   0.04673        61       640    0.8152    0.7527    0.8259    0.4245   0.05835    0.1763   0.01286
    70/149     8.27G   0.02139   0.02266  0.002128   0.04617         8       640    0.8082    0.7629    0.8245    0.4239   0.05855    0.1709   0.01309
    71/149     8.27G   0.02128   0.02239  0.002102   0.04577        15       640    0.7925    0.7798    0.8306    0.4275    0.0583    0.1757   0.01319
    72/149     8.27G   0.02116    0.0226  0.002051   0.04582        11       640    0.7976    0.7725    0.8318     0.428   0.05813    0.1776    0.0137
    73/149     8.27G   0.02113   0.02242  0.002124   0.04567        19       640    0.8209    0.7508    0.8293    0.4326   0.05803     0.178   0.01351
    74/149     8.27G   0.02098   0.02249  0.002021   0.04549         6       640    0.8312     0.748      0.83    0.4315   0.05811    0.1744   0.01383
    75/149     8.27G   0.02108   0.02226   0.00212   0.04547        25       640    0.8265    0.7543    0.8314    0.4331    0.0576    0.1755   0.01329
    76/149     8.27G   0.02111   0.02209  0.001943   0.04514        30       640     0.809     0.764    0.8309    0.4338   0.05805    0.1758   0.01258
    77/149     8.27G   0.02104   0.02207  0.002004   0.04512         1       640    0.8188    0.7671    0.8353    0.4334   0.05769    0.1781   0.01331
    78/149     8.27G   0.02096   0.02242  0.001929   0.04531        24       640    0.8185    0.7601    0.8374    0.4375   0.05789    0.1796   0.01302
    79/149     8.27G   0.02095   0.02213  0.001957   0.04504         8       640    0.8222    0.7617    0.8368    0.4389   0.05771    0.1776   0.01281
    80/149     8.27G   0.02095   0.02148   0.00194   0.04436        11       640    0.8248    0.7573    0.8352    0.4364   0.05746    0.1774   0.01385
    81/149     8.27G   0.02092   0.02194  0.002005   0.04486        18       640    0.8109    0.7782    0.8412    0.4417   0.05757    0.1778   0.01314
    82/149     8.27G   0.02078   0.02197  0.001963   0.04472        18       640    0.8006    0.7875    0.8391    0.4414   0.05709    0.1793   0.01346
    83/149     8.27G   0.02061   0.02168  0.001989   0.04428        12       640    0.8038    0.7806    0.8391    0.4482   0.05714    0.1796   0.01315
    84/149     8.27G   0.02085    0.0218  0.001867   0.04452        19       640    0.8232    0.7702    0.8427     0.446   0.05712    0.1808   0.01368
    85/149     8.27G   0.02067   0.02123  0.001854   0.04375        14       640    0.8336    0.7538    0.8403    0.4498   0.05677    0.1834    0.0131
    86/149     8.27G    0.0206    0.0217  0.001954   0.04425        15       640    0.8091    0.7811    0.8427    0.4487   0.05656    0.1849   0.01373
    87/149     8.27G    0.0206   0.02165  0.001815   0.04406         9       640    0.8025    0.7873    0.8438    0.4493   0.05652    0.1829   0.01333
    88/149     8.27G   0.02049    0.0216  0.001727   0.04382        31       640    0.8102    0.7809    0.8431    0.4497    0.0566    0.1834   0.01315
    89/149     8.27G   0.02053   0.02177  0.001927   0.04423        42       640    0.8354     0.766    0.8451    0.4506   0.05651    0.1815   0.01396
    90/149     8.27G   0.02053   0.02161  0.001867   0.04401        12       640     0.812    0.7878    0.8482    0.4549   0.05663    0.1836   0.01332
    91/149     8.27G   0.02039   0.02178   0.00187   0.04403        19       640    0.8288    0.7759    0.8468     0.453   0.05667    0.1829   0.01308
    92/149     8.27G   0.02036   0.02144   0.00175   0.04354        32       640    0.8307    0.7691    0.8457    0.4529   0.05631    0.1859   0.01319
    93/149     8.27G   0.02035   0.02113  0.001776   0.04325         6       640    0.8117    0.7871    0.8446    0.4508   0.05606    0.1859   0.01321
    94/149     8.27G   0.02027   0.02105  0.001699   0.04303        46       640    0.8458    0.7618    0.8476    0.4554   0.05643     0.185    0.0132
    95/149     8.27G   0.02036     0.021  0.001859   0.04322        49       640    0.8286     0.777    0.8453    0.4517   0.05604    0.1841   0.01334
    96/149     8.27G   0.02025    0.0216  0.001869   0.04372        30       640     0.822    0.7749    0.8434    0.4516   0.05595    0.1841   0.01371
    97/149     8.27G   0.02007    0.0208  0.001849   0.04272        23       640     0.841    0.7658    0.8461    0.4564   0.05572    0.1855   0.01394
    98/149     8.27G   0.02028   0.02095  0.001745   0.04298         3       640     0.828    0.7781    0.8498    0.4589   0.05568     0.186   0.01321
    99/149     8.27G   0.02013   0.02108  0.001713   0.04292        20       640    0.7968    0.8027    0.8509    0.4586   0.05564    0.1871    0.0137
   100/149     8.27G   0.02005   0.02128  0.001713   0.04305        19       640    0.8268    0.7716    0.8479    0.4562   0.05569    0.1881   0.01338
   101/149     8.27G   0.02008    0.0204  0.001705   0.04218        58       640    0.8343    0.7704    0.8513    0.4599   0.05562    0.1887   0.01305
   102/149     8.27G   0.01997   0.02113  0.001624   0.04273        35       640    0.8134     0.795    0.8522    0.4612   0.05584    0.1882    0.0129
   103/149     8.27G   0.02012   0.02081  0.001663   0.04259         8       640    0.8256    0.7874    0.8542    0.4612   0.05535    0.1899   0.01341
   104/149     8.27G   0.01991   0.02114  0.001644    0.0427        23       640    0.8165    0.7969     0.854    0.4623   0.05535    0.1906   0.01321
   105/149     8.27G   0.01983   0.02088  0.001642   0.04236        37       640     0.809    0.8024    0.8531    0.4624   0.05551      0.19   0.01301
   106/149     8.27G   0.01988   0.02073  0.001648   0.04226         5       640    0.8248    0.7875    0.8518    0.4608   0.05548    0.1907   0.01305
   107/149     8.27G   0.01992   0.02054    0.0017   0.04216        27       640    0.8347    0.7734    0.8522    0.4619   0.05529    0.1915    0.0128
   108/149     8.27G   0.01985   0.02072  0.001633    0.0422        49       640    0.8201    0.7889    0.8515    0.4612   0.05531    0.1909   0.01258
   109/149     8.27G   0.01978   0.02069  0.001596   0.04207        56       640    0.8537    0.7654    0.8543    0.4627    0.0553    0.1913   0.01279
   110/149     8.27G   0.01974   0.02079  0.001655   0.04219         8       640    0.8368    0.7794    0.8532    0.4646    0.0551    0.1912   0.01277
   111/149     8.27G   0.01961   0.02022  0.001478   0.04131        45       640    0.8393    0.7785    0.8547    0.4659   0.05491    0.1923   0.01298
   112/149     8.27G   0.01982     0.021  0.001597   0.04242        35       640    0.8274    0.7912    0.8527    0.4666   0.05483    0.1926   0.01323
   113/149     8.27G   0.01974   0.02037  0.001642   0.04176        11       640    0.8347    0.7814    0.8525    0.4666   0.05478    0.1924   0.01355
   114/149     8.27G   0.01961   0.02026  0.001552   0.04142        24       640    0.8286    0.7895    0.8544    0.4665   0.05483    0.1919   0.01349
   115/149     8.27G   0.01953   0.02033   0.00156   0.04141        12       640    0.8188    0.7975    0.8537     0.467   0.05456    0.1926   0.01339
   116/149     8.27G   0.01956   0.02039  0.001628   0.04158        31       640    0.8163    0.7962    0.8516    0.4658   0.05433    0.1941   0.01329
   117/149     8.27G   0.01965   0.02068  0.001584   0.04191        18       640     0.814    0.8012    0.8526    0.4686   0.05425    0.1959   0.01333
   118/149     8.27G   0.01954   0.02025  0.001546   0.04133        23       640    0.8303    0.7891    0.8527    0.4687   0.05427    0.1967   0.01333
   119/149     8.27G   0.01947   0.02027  0.001545   0.04128        50       640    0.8242    0.8001    0.8559    0.4692   0.05421     0.197   0.01309
   120/149     8.27G    0.0195   0.02026  0.001461   0.04122        10       640    0.8252     0.796     0.855    0.4695   0.05427    0.1974   0.01296
   121/149     8.27G   0.01946   0.02029  0.001548    0.0413        20       640    0.8342    0.7899    0.8548      0.47   0.05427    0.1976   0.01283
   122/149     8.28G   0.01943   0.01996  0.001465   0.04085        68       640    0.8272    0.8016     0.854    0.4707   0.05421    0.1973   0.01291
   123/149     8.28G   0.01956   0.01988   0.00147   0.04091         9       640    0.8311    0.7964    0.8541    0.4706   0.05418    0.1985    0.0129
   124/149     8.28G   0.01949   0.02043  0.001529   0.04145        17       640    0.8278    0.7963    0.8543    0.4709   0.05417    0.1985   0.01299
   125/149     8.28G   0.01939   0.02038  0.001496   0.04126        57       640    0.8235    0.8012    0.8572    0.4717   0.05417    0.1978   0.01313
   126/149     8.28G   0.01933   0.01992  0.001449    0.0407        28       640    0.8294    0.7977    0.8572    0.4711   0.05417    0.1984   0.01312
   127/149     8.28G   0.01943   0.02014  0.001522   0.04109        14       640     0.844    0.7859    0.8585     0.472   0.05412    0.1991   0.01304
   128/149     8.28G   0.01917   0.02009  0.001454   0.04072        25       640    0.8438    0.7843    0.8582     0.472   0.05406    0.1989   0.01324
   129/149     8.28G   0.01917   0.01956  0.001438   0.04016         8       640    0.8267    0.7973    0.8576    0.4725   0.05397    0.1985   0.01308
   130/149     8.28G    0.0192   0.02016  0.001474   0.04084        14       640    0.8247    0.7986    0.8568    0.4718   0.05393    0.1985   0.01316
   131/149     8.28G   0.01917   0.02027  0.001398   0.04084         7       640     0.819     0.804    0.8568    0.4725   0.05392     0.199   0.01303
   132/149     8.28G   0.01913   0.01994    0.0014   0.04047        10       640    0.8254    0.7999    0.8574     0.473   0.05385    0.1993   0.01297
   133/149     8.28G   0.01911   0.01957  0.001468   0.04014         7       640    0.8214    0.8015    0.8557    0.4716   0.05378    0.2003   0.01298
   134/149     8.28G   0.01912   0.02001  0.001353   0.04049         6       640    0.8246    0.8016    0.8563    0.4717   0.05374    0.2007   0.01301
   135/149     8.28G   0.01896    0.0195  0.001327   0.03979         3       640    0.8142    0.8087    0.8557    0.4722   0.05369    0.2012   0.01301
   136/149     8.28G   0.01901   0.01985  0.001437   0.04029        24       640    0.8129    0.8114    0.8556    0.4737   0.05369    0.2006   0.01309
   137/149     8.28G   0.01898   0.01936  0.001373   0.03971        59       640    0.8168    0.8075    0.8562     0.474   0.05369     0.201   0.01307
   138/149     8.28G   0.01907   0.01964  0.001419   0.04013        22       640    0.8093    0.8137    0.8567    0.4743   0.05369    0.2014    0.0131
   139/149     8.28G   0.01919   0.01985  0.001462    0.0405        46       640    0.8133    0.8095    0.8573    0.4738   0.05373    0.2008   0.01303
   140/149     8.28G   0.01909    0.0195  0.001403   0.03999        10       640    0.8353    0.7899    0.8574    0.4724   0.05373    0.2017   0.01306
   141/149     8.28G   0.01896   0.01983  0.001311    0.0401        14       640    0.8228    0.7992     0.856    0.4728   0.05371    0.2023   0.01305
   142/149     8.28G   0.01888   0.01944  0.001401   0.03972         9       640     0.835    0.7892    0.8557    0.4735   0.05368     0.203   0.01304
   143/149     8.28G     0.019   0.01955  0.001442   0.03999        41       640    0.8376     0.787    0.8564    0.4734    0.0536     0.203   0.01305
   144/149     8.28G   0.01893   0.02007  0.001462   0.04046        40       640    0.8255     0.794    0.8555     0.474   0.05353    0.2027    0.0132
   145/149     8.28G   0.01904   0.01936  0.001367   0.03977        47       640    0.8234    0.7983     0.856    0.4739   0.05347    0.2031   0.01317
   146/149     8.28G   0.01903    0.0193  0.001377   0.03971        19       640    0.8133    0.8073    0.8566    0.4749   0.05343    0.2036   0.01304
   147/149     8.28G   0.01898   0.01937  0.001391   0.03973        20       640    0.8279    0.7966    0.8571    0.4746   0.05336    0.2036   0.01297
   148/149     8.28G   0.01882   0.01959  0.001309   0.03972        10       640    0.8312    0.7928    0.8567     0.475   0.05334    0.2039   0.01292
   149/149     8.28G   0.01892   0.01972  0.001413   0.04005         7       640    0.8335     0.791    0.8566    0.4752   0.05332    0.2045   0.01292
