     0/149     1.45G   0.07564   0.03127   0.02455    0.1315        58       640 0.0008954   0.04939 0.0001538 2.678e-05    0.1016   0.09977   0.02304
     1/149     6.53G    0.0703   0.03214   0.02225    0.1247        38       640    0.7548   0.03394  0.003662  0.001082   0.09836    0.1013   0.02025
     2/149     7.87G   0.06552   0.03211   0.01915    0.1168        21       640    0.6047    0.1041    0.0891    0.0273   0.09055   0.09901   0.01922
     3/149     7.87G   0.06047   0.03166   0.01477    0.1069        29       640    0.4352    0.1427    0.1689   0.06391   0.08818   0.09337   0.01855
     4/149     7.87G   0.05709   0.03115   0.01312    0.1014        30       640    0.6723    0.1503    0.1774   0.06974   0.08589    0.0948   0.01971
     5/149     7.87G   0.05511   0.02997   0.01189   0.09698         6       640    0.1948    0.2745    0.2127   0.07919   0.08343   0.09843   0.01711
     6/149     7.87G   0.05392   0.02958   0.01069   0.09419         6       640    0.3954    0.3203    0.3005    0.1157   0.07964    0.1018   0.01675
     7/149     7.87G   0.05268   0.02923  0.008856   0.09076         8       640     0.505    0.3829    0.3822     0.148   0.07845    0.1023   0.01482
     8/149     7.87G    0.0512   0.02824  0.007379   0.08682        32       640    0.5426    0.4144    0.4248    0.1653   0.07657    0.1042   0.01497
     9/149     7.87G   0.05096   0.02775  0.006898   0.08561        45       640    0.5979    0.4548    0.4726    0.1888   0.07504    0.1023   0.01304
    10/149     7.87G   0.04964   0.02723  0.006188   0.08305        61       640    0.5776      0.47    0.4921     0.197    0.0732    0.1067   0.01327
    11/149     7.87G   0.04907    0.0268  0.005929    0.0818        31       640    0.5699    0.5116    0.5113    0.2095   0.07283    0.1031   0.01223
    12/149     7.87G   0.04856   0.02686  0.005785    0.0812        39       640    0.5918    0.5026    0.5208    0.2112   0.07182    0.1072     0.012
    13/149     7.87G   0.04789    0.0263  0.005444   0.07963        14       640    0.6014    0.5385    0.5538    0.2286   0.07086    0.1071   0.01151
    14/149     7.87G   0.04768   0.02624  0.005221   0.07914        23       640    0.5962    0.5671    0.5715    0.2418   0.07178    0.1046   0.01209
    15/149     7.87G    0.0469   0.02641  0.004903   0.07822        17       640    0.6148    0.5725     0.584    0.2483   0.07081     0.109   0.01163
    16/149     7.88G   0.04663   0.02617  0.004769   0.07757        67       640    0.6814    0.5528    0.5997     0.265   0.06989    0.1087   0.01174
    17/149     7.88G   0.04589   0.02599  0.004471   0.07635        26       640     0.663    0.5783    0.6093    0.2665   0.06988    0.1084    0.0114
    18/149     7.88G   0.04578   0.02579  0.004371   0.07594        71       640    0.6604    0.6067    0.6335    0.2816   0.06945    0.1122   0.01056
    19/149     7.88G   0.04552   0.02519  0.004357   0.07507        19       640    0.6557    0.6002    0.6302    0.2767   0.06948    0.1105   0.01085
    20/149     7.88G   0.04524   0.02524  0.004221    0.0747        19       640    0.6754    0.6072    0.6445    0.2888     0.069    0.1129   0.01077
    21/149     7.88G   0.04493   0.02514    0.0041   0.07417        40       640    0.6866    0.6258    0.6584    0.2959   0.06878    0.1132   0.01135
    22/149     7.88G   0.04465   0.02559  0.004096   0.07434        15       640    0.7232    0.6198    0.6704    0.3018   0.06904    0.1154   0.01126
    23/149     7.88G   0.04411   0.02479  0.004005    0.0729        39       640     0.665    0.6477    0.6713    0.3043   0.06859    0.1157   0.01114
    24/149     7.88G   0.04401   0.02458   0.00374   0.07232        14       640    0.7301    0.6318    0.6923    0.3124   0.06859    0.1165   0.01037
    25/149     7.88G    0.0437   0.02449  0.003644   0.07184        18       640    0.7044    0.6431     0.686    0.3143   0.06829    0.1186   0.01085
    26/149     7.88G   0.04331   0.02447  0.003575   0.07135         8       640    0.7254    0.6444    0.6988    0.3203   0.06791    0.1174   0.01079
    27/149     7.88G   0.04343   0.02443  0.003558   0.07142        31       640    0.7388    0.6415    0.7028    0.3236   0.06774    0.1216  0.009883
    28/149     7.88G    0.0431   0.02416  0.003511   0.07076        45       640    0.7188     0.672    0.7115    0.3309   0.06815    0.1197   0.01039
    29/149     7.88G   0.04293   0.02435  0.003495   0.07077        11       640    0.7224    0.6728    0.7116    0.3314   0.06734    0.1238   0.01064
    30/149     7.88G   0.04273   0.02432  0.003305   0.07036        25       640    0.7463    0.6626    0.7158     0.337   0.06746    0.1257   0.00987
    31/149     7.88G   0.04239   0.02376  0.003108   0.06926        21       640    0.7335    0.6823    0.7246    0.3408   0.06753     0.128  0.009406
    32/149     7.88G   0.04238   0.02355  0.003163    0.0691        19       640     0.745    0.6725    0.7306    0.3463    0.0666    0.1272   0.00963
    33/149     7.88G   0.04227   0.02418  0.003361   0.06981        28       640    0.7421    0.6925    0.7391    0.3513   0.06642      0.13   0.01089
    34/149     7.88G   0.04215   0.02374  0.003083   0.06897         8       640    0.7506    0.6821    0.7327    0.3488   0.06685    0.1289   0.01012
    35/149     7.88G   0.04187   0.02355  0.003098   0.06852        43       640    0.7452    0.6892    0.7445    0.3538   0.06615     0.128   0.01024
    36/149     7.88G   0.04187   0.02348  0.002999   0.06834        36       640    0.7442    0.6928    0.7434    0.3596   0.06598    0.1311  0.009702
    37/149     7.88G   0.04176   0.02427  0.003057   0.06908        51       640    0.7574    0.6848    0.7473    0.3652   0.06492    0.1366   0.01049
    38/149     7.88G   0.04172   0.02347  0.003002    0.0682        19       640    0.7541    0.6865      0.74    0.3617   0.06572    0.1344   0.01005
    39/149     7.88G   0.04155   0.02368  0.003007   0.06824         5       640    0.7507    0.7022    0.7549    0.3665   0.06613    0.1343  0.009848
    40/149     7.88G   0.04125   0.02345  0.003011   0.06771         7       640     0.774    0.6899    0.7554    0.3693   0.06582    0.1385  0.009489
    41/149     7.88G   0.04086    0.0226  0.002914   0.06638        70       640    0.7781    0.6929      0.76     0.372   0.06468    0.1407  0.009865
    42/149     7.88G   0.04075   0.02301   0.00277   0.06653         6       640    0.7833      0.69     0.761    0.3732   0.06511    0.1443  0.009998
    43/149     7.88G   0.04097   0.02352  0.002802   0.06729         7       640    0.7625    0.7079    0.7657    0.3771   0.06536    0.1368  0.009698
    44/149     7.88G   0.04057   0.02276  0.002713   0.06604        30       640    0.7817    0.7041    0.7746    0.3848   0.06442    0.1458  0.009627
    45/149     7.88G   0.04064   0.02302   0.00278   0.06644        36       640    0.7553    0.7181    0.7693    0.3856   0.06342    0.1494  0.009219
    46/149     7.88G   0.04037   0.02336  0.002744   0.06648        32       640    0.7617    0.7216    0.7733    0.3889   0.06383    0.1435  0.009591
    47/149     7.88G   0.04059   0.02286  0.002645   0.06609        31       640    0.7746    0.7225    0.7825    0.3915   0.06559    0.1412  0.009506
    48/149     7.88G   0.04041   0.02328   0.00273   0.06642        12       640    0.7653    0.7284    0.7837    0.3952   0.06391     0.148  0.009375
    49/149     7.88G   0.04041   0.02306  0.002718   0.06619        17       640    0.7585    0.7357    0.7854    0.3946    0.0643    0.1488  0.009383
    50/149     7.88G   0.03998    0.0234  0.002591   0.06597        17       640    0.7838    0.7254    0.7886    0.3989   0.06532    0.1462  0.009456
    51/149     7.88G   0.03986   0.02263   0.00272   0.06521        25       640    0.7896     0.714    0.7857    0.3991   0.06515    0.1442  0.009546
    52/149     7.88G   0.03985   0.02241  0.002495   0.06476         7       640    0.7996    0.7133    0.7905    0.3974   0.06346    0.1543  0.009586
    53/149     7.88G   0.03986   0.02261  0.002471   0.06494         5       640      0.78    0.7252     0.788     0.399   0.06279    0.1553  0.009398
    54/149     7.88G    0.0397   0.02286  0.002581   0.06515        10       640    0.7964    0.7223     0.796     0.406    0.0642     0.152  0.009501
    55/149     7.88G   0.03967   0.02292  0.002526   0.06512        56       640     0.781    0.7217    0.7885    0.3978   0.06363    0.1553  0.009477
    56/149     7.88G   0.03942   0.02263  0.002492   0.06454        23       640    0.7809    0.7357    0.7965    0.4065   0.06405    0.1518  0.009598
    57/149     7.88G   0.03939   0.02279  0.002601   0.06478        19       640    0.7908    0.7273    0.7971    0.4089   0.06404    0.1503  0.009338
    58/149     7.88G   0.03934   0.02261  0.002439   0.06439        28       640    0.7804    0.7414    0.7985    0.4093   0.06416     0.154  0.009322
    59/149     7.88G    0.0395   0.02234  0.002416   0.06426        15       640    0.7763    0.7402    0.7965    0.4057   0.06309    0.1593   0.00921
    60/149     7.88G   0.03933   0.02225  0.002489   0.06407         4       640    0.8101    0.7206     0.801    0.4109   0.06325    0.1557  0.009464
    61/149     7.88G   0.03902   0.02277   0.00242   0.06421        58       640    0.7772    0.7474    0.8026    0.4141   0.06283    0.1602  0.009343
    62/149     7.88G   0.03918   0.02246  0.002423   0.06406        19       640    0.7955    0.7394    0.8059     0.419   0.06343    0.1553  0.009717
    63/149     7.88G   0.03922   0.02202  0.002413   0.06365        16       640    0.7931    0.7373    0.8057    0.4166   0.06132    0.1645  0.009575
    64/149     7.88G   0.03864    0.0218  0.002385   0.06283        18       640    0.8001    0.7338    0.8098    0.4193   0.06365    0.1571  0.009413
    65/149     7.88G   0.03889   0.02212   0.00236   0.06337        25       640    0.7751    0.7557    0.8086    0.4212   0.06295    0.1587  0.009309
    66/149     7.88G   0.03867   0.02185  0.002454   0.06297        17       640    0.7891    0.7461    0.8105    0.4223   0.06394    0.1553  0.009399
    67/149     7.88G   0.03876   0.02142  0.002295   0.06248        17       640    0.7985    0.7362    0.8054    0.4193   0.06228    0.1608  0.009353
    68/149     7.88G   0.03852   0.02195  0.002312   0.06278        40       640    0.7988    0.7509    0.8133    0.4282   0.06148    0.1637  0.009123
    69/149     7.88G   0.03841    0.0223  0.002352   0.06307        16       640    0.7999    0.7436    0.8141    0.4238   0.06188    0.1615   0.00967
    70/149     7.88G   0.03844   0.02161  0.002265   0.06231        37       640    0.7992    0.7486    0.8158     0.425   0.06214    0.1627  0.009531
    71/149     7.88G   0.03837   0.02158  0.002308   0.06226        32       640    0.7961    0.7495     0.816     0.431   0.06275    0.1597  0.009675
    72/149     7.88G   0.03817   0.02196  0.002241   0.06237        33       640    0.8077    0.7451    0.8181    0.4317   0.06209    0.1625  0.009332
    73/149     7.88G   0.03825   0.02199  0.002303   0.06255        57       640    0.7834    0.7657    0.8218    0.4334   0.06165    0.1632  0.009767
    74/149     7.88G   0.03795   0.02166  0.002209   0.06182        17       640    0.7964    0.7563    0.8183     0.431   0.06165    0.1638  0.009506
    75/149     7.88G   0.03802   0.02181  0.002199   0.06203        19       640    0.7886     0.769    0.8223    0.4365   0.06205    0.1625  0.009877
    76/149     7.88G   0.03802   0.02136  0.002263   0.06164        19       640    0.8068    0.7521    0.8213    0.4358   0.06239    0.1631  0.009667
    77/149     7.88G   0.03786    0.0218  0.002271   0.06193        15       640     0.823    0.7329    0.8207    0.4369   0.06193    0.1645  0.009371
    78/149     7.88G   0.03775   0.02151   0.00212   0.06139        14       640    0.8031    0.7488    0.8189    0.4333   0.06193    0.1645  0.009673
    79/149     7.88G   0.03754   0.02158  0.002197   0.06132        20       640    0.7913     0.763    0.8235    0.4404   0.06214    0.1632   0.00997
    80/149     7.88G   0.03748   0.02127  0.002043   0.06079         3       640    0.8123    0.7493     0.825      0.44   0.06134     0.169  0.009601
    81/149     7.88G   0.03778   0.02137  0.002194   0.06134        48       640    0.7922    0.7677     0.828     0.441    0.0622    0.1634  0.009908
    82/149     7.88G   0.03749   0.02162   0.00217   0.06128        17       640    0.7787    0.7852    0.8309    0.4449   0.06177    0.1657  0.009718
    83/149     7.88G    0.0375   0.02132  0.002049   0.06087        46       640    0.8187    0.7489    0.8288    0.4452   0.06151    0.1674  0.009695
    84/149     7.88G    0.0374   0.02108  0.002111   0.06059        51       640    0.7938    0.7738    0.8277     0.443   0.06198    0.1649   0.00988
    85/149     7.88G   0.03736   0.02152    0.0021   0.06098        34       640    0.7885    0.7764    0.8291    0.4442   0.06088    0.1695  0.009706
    86/149     7.88G   0.03725   0.02139  0.002069    0.0607        34       640    0.7914    0.7726    0.8279    0.4462   0.06028     0.173  0.009646
    87/149     7.88G   0.03727   0.02172  0.002067   0.06106        61       640    0.7896    0.7752    0.8288    0.4456   0.06141    0.1694  0.009472
    88/149     7.88G   0.03711   0.02118  0.002076   0.06036        49       640    0.7801    0.7805    0.8278    0.4474   0.06119     0.171   0.00984
    89/149     7.88G   0.03697   0.02096  0.001954   0.05988        14       640    0.8063    0.7634    0.8332    0.4522    0.0615    0.1726  0.009321
    90/149     7.88G   0.03704   0.02104  0.002009    0.0601        10       640    0.8056     0.765    0.8336    0.4534   0.06085     0.175  0.009382
    91/149     7.88G   0.03696   0.02085  0.002027   0.05984        11       640     0.817    0.7566    0.8357    0.4532   0.06045    0.1766  0.009493
    92/149     7.88G    0.0368    0.0213   0.00204   0.06014        32       640    0.8098    0.7647     0.833    0.4517   0.06071    0.1701  0.009723
    93/149     7.88G   0.03667   0.02129  0.001972   0.05994        47       640    0.8187    0.7554    0.8327     0.451   0.06062    0.1723  0.009636
    94/149     7.88G   0.03643   0.02108  0.001928   0.05944        21       640    0.8086    0.7656    0.8337    0.4529   0.06057    0.1735  0.009547
    95/149     7.88G   0.03652   0.02113  0.002019   0.05967        15       640    0.7889    0.7844    0.8337    0.4557   0.06049    0.1725  0.009804
    96/149     7.88G    0.0364   0.02092  0.001974   0.05929        21       640    0.8019    0.7798     0.837    0.4563   0.06062    0.1726  0.009627
    97/149     7.88G   0.03631   0.02115  0.001925   0.05939        20       640    0.8002    0.7767    0.8348    0.4571   0.06004    0.1737  0.009675
    98/149     7.88G   0.03632   0.02077  0.001893   0.05898        45       640    0.8062    0.7724     0.837    0.4565   0.06045    0.1743  0.009706
    99/149     7.88G   0.03626   0.02108  0.001913   0.05925        21       640    0.8265    0.7538    0.8361    0.4581   0.06064    0.1714    0.0099
   100/149     7.88G   0.03599   0.02122  0.001944   0.05916        27       640    0.8235    0.7537    0.8349    0.4572   0.05995    0.1754  0.009884
   101/149     7.88G   0.03639   0.02129  0.001968   0.05965         8       640    0.8377    0.7456    0.8374    0.4585   0.05991    0.1757  0.009767
   102/149     7.88G   0.03597   0.02131  0.001996   0.05928        51       640    0.8325    0.7484    0.8367    0.4607   0.06022    0.1744      0.01
   103/149     7.88G   0.03597   0.02083  0.001775   0.05857        28       640    0.8361    0.7497    0.8373    0.4622   0.06021    0.1756  0.009688
   104/149     7.88G   0.03595   0.02106    0.0018   0.05881        87       640    0.8099    0.7732    0.8381    0.4624   0.06049    0.1761  0.009836
   105/149     7.88G   0.03574   0.02062  0.001777   0.05814        20       640    0.8321    0.7547    0.8386    0.4631   0.06034    0.1757  0.009792
   106/149     7.88G   0.03577   0.02125  0.001813   0.05884        53       640    0.8402    0.7504    0.8374    0.4616   0.05966    0.1779  0.009691
   107/149     7.88G   0.03598   0.02072  0.001817   0.05852        52       640    0.8046    0.7785    0.8397    0.4631   0.05996    0.1762  0.009908
   108/149     7.88G   0.03576   0.02068  0.001828   0.05827        47       640    0.8143    0.7706    0.8413    0.4641   0.05998    0.1762   0.01005
   109/149     7.88G   0.03562   0.02112   0.00187   0.05861        11       640    0.8153    0.7676      0.84    0.4636   0.05953    0.1778    0.0103
   110/149     7.88G   0.03542   0.02079  0.001773   0.05799        45       640    0.8011    0.7798    0.8412    0.4643   0.05913    0.1801   0.01026
   111/149     7.88G   0.03555   0.02054  0.001914     0.058         7       640    0.8137    0.7725    0.8409    0.4643   0.05943    0.1791   0.01013
   112/149     7.89G   0.03534   0.02053  0.001788   0.05765        79       640    0.8149    0.7701    0.8409    0.4668   0.05982    0.1785  0.009795
   113/149     7.89G   0.03518   0.02095  0.001811   0.05794         2       640    0.8288     0.764    0.8417    0.4674    0.0595    0.1797  0.009869
   114/149     7.89G   0.03535   0.02046  0.001875   0.05768         9       640    0.8139    0.7797    0.8433    0.4674   0.05955    0.1792  0.009962
   115/149     7.89G    0.0352   0.02063  0.001684   0.05752        41       640    0.8035      0.79    0.8425    0.4673   0.05963    0.1795  0.009981
   116/149     7.89G    0.0352   0.02058  0.001778   0.05756        39       640    0.8322    0.7658    0.8415    0.4679   0.05938     0.181   0.01001
   117/149     7.89G   0.03523   0.02002  0.001746   0.05699        22       640    0.8217     0.778    0.8425    0.4704   0.05904    0.1817   0.01003
   118/149     7.89G   0.03515   0.02036  0.001838   0.05735        11       640    0.8069    0.7871    0.8413    0.4686   0.05922    0.1802   0.01014
   119/149     7.89G   0.03494   0.02076  0.001743   0.05745        36       640    0.8146    0.7778    0.8405    0.4693   0.05901    0.1811   0.01002
   120/149     7.89G   0.03508   0.02061  0.001761   0.05744        64       640    0.8168    0.7761    0.8416    0.4691   0.05893    0.1821   0.00997
   121/149     7.89G   0.03479   0.02043  0.001601   0.05682        15       640    0.8244    0.7761     0.844    0.4714   0.05904    0.1836  0.009993
   122/149     7.89G    0.0347   0.02025  0.001694   0.05664        25       640    0.8325    0.7686    0.8441    0.4711   0.05905    0.1835   0.01021
   123/149     7.89G   0.03459   0.02064   0.00169   0.05692        14       640    0.8294    0.7708     0.843    0.4708   0.05889    0.1835   0.01014
   124/149     7.89G   0.03474   0.01988  0.001733   0.05635        11       640    0.8202    0.7794    0.8433    0.4712   0.05884    0.1843   0.01005
   125/149     7.89G   0.03476   0.02017   0.00172   0.05664        15       640    0.8219    0.7749     0.842    0.4707   0.05879    0.1853  0.009963
   126/149     7.89G   0.03453    0.0201  0.001675   0.05631         8       640    0.8267    0.7705    0.8417    0.4708   0.05895    0.1851  0.009929
   127/149     7.89G   0.03453   0.02013  0.001684   0.05634        23       640    0.8266    0.7703    0.8446    0.4709    0.0591    0.1843  0.009931
   128/149     7.89G   0.03448   0.02043  0.001583   0.05649         4       640    0.8205    0.7725    0.8439    0.4698   0.05909    0.1849  0.009929
   129/149     7.89G   0.03456   0.01994  0.001591   0.05609        57       640    0.8197    0.7769     0.844    0.4699   0.05923    0.1844  0.009937
   130/149     7.89G   0.03449   0.02037   0.00161   0.05647        13       640    0.8161    0.7764    0.8428    0.4704    0.0591    0.1857  0.009965
   131/149     7.89G    0.0344   0.02011  0.001696    0.0562        27       640    0.8254    0.7728    0.8433    0.4711   0.05907    0.1859   0.01001
   132/149     7.89G   0.03451    0.0202  0.001738   0.05646        67       640    0.8287     0.769     0.843    0.4718    0.0592    0.1857   0.01004
   133/149     7.89G   0.03423    0.0202  0.001603   0.05603        53       640    0.8403    0.7581    0.8438    0.4719   0.05909    0.1852   0.01008
   134/149     7.89G   0.03423   0.01994   0.00157   0.05574        16       640    0.8246    0.7723    0.8439    0.4725   0.05883    0.1859   0.01009
   135/149     7.89G   0.03453   0.02022  0.001676   0.05642        13       640    0.8151    0.7847    0.8449    0.4725   0.05872    0.1863    0.0101
   136/149     7.89G   0.03404   0.02021  0.001593   0.05585        42       640    0.8428    0.7594    0.8446    0.4725   0.05868    0.1867   0.01012
   137/149     7.89G   0.03406   0.01961  0.001665   0.05533        26       640    0.8273    0.7723    0.8449     0.473   0.05874    0.1872   0.01006
   138/149     7.89G   0.03386   0.02004  0.001595   0.05549         6       640    0.8353    0.7651     0.845    0.4736   0.05873    0.1876  0.009999
   139/149     7.89G   0.03396   0.02034  0.001666   0.05597        22       640    0.8287    0.7717    0.8449    0.4741   0.05885    0.1874  0.009986
   140/149     7.89G   0.03388   0.01985  0.001534   0.05526        65       640    0.8192     0.778    0.8446    0.4745   0.05892    0.1872  0.009922
   141/149     7.89G   0.03395   0.02026  0.001592    0.0558        73       640    0.8367    0.7645    0.8458    0.4761     0.059    0.1864  0.009949
   142/149     7.89G   0.03414   0.01973  0.001549   0.05541        14       640    0.8228    0.7744    0.8453    0.4758   0.05894    0.1861  0.009941
   143/149     7.89G   0.03395    0.0194  0.001615   0.05497        13       640    0.8148    0.7826     0.845    0.4751   0.05895    0.1861  0.009985
   144/149     7.89G    0.0339   0.01997  0.001581   0.05544        12       640    0.8125    0.7854    0.8462    0.4759   0.05893     0.186   0.01003
   145/149     7.89G   0.03397   0.01977  0.001593   0.05533         5       640    0.8082    0.7897    0.8465    0.4763   0.05882    0.1864      0.01
   146/149     7.89G   0.03392   0.01957  0.001606   0.05509         4       640    0.8224    0.7774    0.8465    0.4772   0.05876    0.1867   0.01005
   147/149     7.89G   0.03424   0.02054  0.001538   0.05632        71       640    0.8315    0.7721    0.8477    0.4771    0.0587    0.1872   0.01009
   148/149     7.89G   0.03384   0.01999  0.001609   0.05544        13       640    0.8357    0.7687    0.8467    0.4764   0.05857     0.188   0.01007
   149/149     7.89G   0.03391   0.02022  0.001555   0.05569        40       640     0.837    0.7693    0.8471    0.4755   0.05854    0.1884   0.01007
